0100101101011010111000000001001
100110111011001110110010
110110000
000010111001011010100111
1101100101
100001101000110011011
10010101101011010
0000110001110000101011000101
1100000110011
10100001111011111
1001111001000101
10011000111110111010000
10011000101011000011010
110011111101
110001001001100
1100010111
100000011110111010
101110000011001010
101100100101111000
101001111100011000110001
101110100101111000110
100101001101010011
1011010111111010
1000100111100000
10010011010010000000100
1011110001110011010011
1010101011010011000011
100001111011101001000100
1011110100010000101
1000000001011010110010
10000000100100010
1010010101010011
1010000000000100
100110111111010010000010
10100100101000101
10110111001000010
110000011
010011001100011101000111
1000000100101010000
1000110011110100100
1000101001110011100101
10110011010110001011
101111010100110101
10000111000011001011111
10011101010100000101
1101100111001011
11000100
1000111101110000101111
100010011111111100001000
1011011110001001
101100001110001100011111
10111111011000011
10001001001001100101
01110100000011001100110101
110111111110
1101011001010
110011101100101
10100111100000001011110
100100110001101011110
101000101110011111
100010110001100001100
11011001010
11000111111011
100100100110010001101111
10100101011101101010110
1100000110011010
1101000101101010
10011100011101100
100011101001000000110
11000100
10000011100010001
10111000100011100001
10011101001011110001
1001110100100101011
100101111100011100
100000110101110010
1000110110000101110
10111110010101100110
10100100100011010000101
1001011110101011111
101100000000000111
10111001100111110001100
10001101110110010
1000011111001101000010
101000011011111110100110
1000101010111100100
00010001101110001110000101010
10010100100000100
100011011011100101010
1100001110001
101011010110001111
10010111000001010
10111101000101101010101
110111101000111
00111000100100010100110001
1100010100101011
100000101001110010000
10101101011111010110
1000110000101000100100
1101010000
1000001111010100010
100110111111111100
1100001111
101100100111101111
110110111
01001001011000001010111101
10000011101101010001
1001001110011010
101100000001011101000
1010000110101011000
101011001010110111110010
1001011001000101110010
110111011011100
101010000011001101111
10110011000100101100101
1010000111010001111
100111100100000011110111
101100011001010111
101011010001101001111001
10111110011000111
1011000010000100000
1011001001000100
1010110011001101001100
101010010001011111001111
11011010
1100111101
1000000001101001
1101111110
10111101111001011
1000100001100001111100
1010011101001111
101100011101001111011
1001001100110011110
10100010001110101011001
110100110
110111001000100
1101100111011011
11011001010000
1010111000000100100001
1100011000100
001101100010001010100101
1000000011011100
100111000010101100110110
10101110000000110100
10010001111101101111
1011010100111110010
01100100011011011000001011000
1010110110011110001110
101110011100010101
10100011001100111
000010110011101001110010111
10111110100110101
1001010010000101
00000110100001000110000010
10000000010100010
110110111111
1010011101100101
101001001010100100000
10011101000010000001000
1001101100101110
1101011000100
101011110010001010101
10010001100101010001
1000101000110000000101
1000010100111110000110
10010000011010100
11001001011110
1010010010001101100111
00101000011110001001101101011
10001110000000001100
101010110101101110010
10001011001101101001010
1101101010010
10000110111001011100010
1011001001011101
101000111110011100111
1001001011011010
100001111110110011010
100011010001001000
1001111010110000011
11011010
1101100011
101010000111101101
101000100011011010
1011110010010101101000
100101110111010111001010
10110010001101010001
1010001100100011110101
10011100100000100110
1001000010101111
1011100111010000
101110000001001001101
11001110110001
000100101000011111110100100
101100010001011001011011
0011000000010100011001000
1010111001010100010
1101011111011011
10111000111010110
1101100010101
11010100100
010010101101001100100001100
100111101100010110110001
1000100011011000000001
110110101100111
10011100010111111110
00101110111000010100001010
10111100011101001010
100111011000001100001011
10000100001100100010
010110110100110101010100100
10100101110101001001
1010111111111110101000
100010011110000000110
10101110010100010110
10001101011110000100011
1010100000111100
1010111101110000
1000111111110100100
1000011011111110
10100101001100010110010
011011101010000101101101
1011101011100000
10001101010001011
1001011000001000
100011101101111000100111
110110100
11000001110111
10010110101100100100
1001101011111101
1001110111100011
100100010000101111001001
1101010100
110011100010110
101101100100100111
001010111101000000110111
1011011000100100
10111100111010011
100111010101101000
1000000011110110
101010110010000111001110
1010010110111110101011
1000111111001111010000
1011011001000101011
1000110001011011
1000010111001010010
000100100000011010100101000110
110111011001011
011100110100010010010010111100
110111001000
101001101110101111000
11001011000011
10010011001010011111
100110111011110010
1000011110000100101
1010001010011011
10000111001111011011
1000010100011010
1010101101000011
1011100111100000001
1100011100111010
101111011010011010101111
1000110111001001000
1001101110111000101010
100111011110100010
0100101101111010001101010
1001011011010011
110111000
110001010
00100010001100001100001111011
1000101111001010001
100101110011011101000
100001010100000001101011
100000100101011100110
110100010100
10111000100111011
101000011011010101001
1011000101011111
1101010000
110001100101
10100100110111101111
10001111111101000
11001011000011
10001000100101010
101001010111011111001111
10110101111111000011
10001100010000001101001
11000011010
1100000110
10011100000111100
10001100101100001000
0100000001011100000010101101000
001010001001001100011001
11011011101101
1101110111110
101110010100000110
0010110011001010101010100000011
100000110100100100
10011100000010010001110
1101010001000010
1000010100101100
100110001011111010011001
101001100101000110100001
10011101011101000011
1010010111111011
011000100111101001110001001
0101011000111110100110011011001
101011101001110010011
101110000010101111010
10110101010101100001101
1011100010100101000000
000001010101010111110101111
100110111101111100010
101110110110001110101
11010111001110
100011010111010000
11010000
10111011100010000
110100011001
000010110111000011010011
11001000
101110111101101011001
110011000000
10110110100011011111
1000010010010111010100
01110101110010000110011011111
1101000001100
1001100110011011
100011010000011001110
101011010101000111010000
110111100
1001111101010010
11010010101111
11000001101
10011001011011110001
11001001110
1001100111011000100101
1101110110
00011000000111110101101000001000
010011110101110111010111101
1000101011011111010111
100001000100010101100101
10100001001101100
1001100100000011000
10110101111110101100
10110011100111100
10011001111010011001010
101011111101100010110011
10101001000011111
10000100000110011100110
1011111111001010011
110011110100111
100001110110111110
11001011111
100110110001010001001001
1010010101101010100
10000010000100100010001
101010001001100001
1001010110111001010
11011111000
1011110000010000101
1100010011101001
101010101001011101010
110100000011110
001110001101100111011100
101100100111101000000000
11000100100110
1100111000100
10001010101011000111
100000100111110101000
101101110100111010
11011010
10110111011100001
1010100100111101101111
10111110101111011010
01101101101110111101111011011
1001010000100011010
110001001
101111100000100111000011
110010010
100011100100101101
10101001101000011100111
10101100110101110
1001000000111010101
110110100011
10010011100111100
110011010
1000101000010111
00101010011110100011100100101
1000001100100110011001
11000100110001
11001111111
1001000101111011
1101101110101
1010101011110001
100110001010100011
1001101111100111
100001101000011101101
10011111011011101111110
1000110110000100000000
10001000110011100010000
1000110011101100
101101110111101101101010
10110011001100100011
011101111011101010101111100
10100100100000001000
100100010001111101
100100101010010000011000
00111010011110000001001100
1000011100101100010
1100011100011
100101110000110110
1001010111011000000100
011010001011110011111101
1001100100110001011000
10110000001010100010001
1011110000100011111
100100010001101110
1011100101010011101100
11000000000001
10010110101100011001011
10011110111010111100
1100110010111
1100111010
11011101101
10001100011110011001101
1001000010111110010
1000110111011110
00001000101000001111001001110
100110100101000011011100
010100100011010111000111011
101110100100101100
0110111110010000101110011111
10101010001111101010010
10100110010010111010100
100110101100001000111
1000010110011011101001
1100101001101100
11001000010010
10001001001011111
11011111110
00001011000000100010100111
10010000110001001100010
1100110001
1010000000100100001010
110011011
1011010110010110
100101001000101011001011
101111101110111100101011
101110101111001011000
1011100100000100001
100001110000101110011100
1010000110110110100
101001100100011101011001
101000100011011111100
1001101100111110100
1000000010000001100110
100101010100001000
10001001111111011
0101100010101001001101011010
0010101100011011100100011
10110011101111001000011
10000100011111011001011
1100010011000100
10110100001110011010
000111110100000100011011111
101010011000100000
101101000001101000
10011011110111100101011
10010110011111101
101000001111100011001
11010100011100
110111111011
1001001000100000001111
101110001011100101
1000111110101110
0010111001011110100100010
100100010101101101111
100010100101111111100
110011111011
101001100110001000
000011000010011001011111
1000011001000001
1000010111100001
011111111110010001000110
1001101000111000111
010111010001110011001111001
10000100010101010
101011000111111111
110010110
110101111010100
100110101001011100101
100110001101010001011110
0101010011010000001001011111
1011000010100001000
110001110
100101100111011010
10101100101110110
1001101101011101101010
10101100011111011010101
10110000010101111
1001001111010000000
0000101000110010000110010
1100111100001110
101100010010110010000
10010110100101010100
11000111
10110000110101110
100100000101111110110111
100010001101010100
1011100000110101111010
1010001010110110101000
10110001111001010111
110000011
0000111011010001100111001110010
10011010100110100011000
101101010100000000111100
101010101001011100
1001011011101111111
10110001011001110
0111010010101010010101101010
1001101100111110
1101010101110
1000101010000000100011
10011110000000000
11011110001
1000010011111000011
000011011011001001011101
1000000100100101
10010000110010011
10100101011101110001101
101111111110111101001
10011100101111110001101
1010010001111010101100
0110110111011110111010101110101
1001000011110100001
10101110110000100000110
1011101010000110
10100110101101011
1000010011110001011100
11010011001
10000011101001100
01110011111100111011101101111010
100100110110000110001010
11001100
100101100000101010010
10111001110101100
100110100011100110100101
0111110001111010010010000101100
10011101000010100
10001110010110011001100
1011000010100001010000
100101111010011111100110
10001101100111011100
10101001001000110001100
1101110001
11001010100001
1101001110110
10111011011001101010100
100101011100110000001000
100011111010111101001110
1011101111110100010000
1000010100011001
110011010111001
101011100110000101
11010000010
10111111000101100
101001100100110111
10101010011001001100
10111111011101111
110100010011
110110111110000
10001110001110001001
101110011001110110010
1000001011100000110
100001010100111101110
1011000010110100101001
1010110010100000011
011010111011010110101011000
1101000100101
1000101001011110
10110011101111000010
001000100110000111000110010
1001001100000010100101
1000000100101000011
10110000111001000001
100000100101110011010000
11011111000
110111010
110100000011
1010110011110010011011
110011110
10101111010011110000
101010111010011001011100
10001101001111010011001
1011100010010101
1010001101001011010
10010010110110011
0000001001101011001110111100
100110100100100100001
101110111001000001110
1001101011101000010
110100101001111
110000000000
1000010000001110
10101101010001100101010
1101101110110
1001010001010111110
1011110000101011101001
0010101001101101100100001111111
11000011111101
100101011101001010011101
1101001100111101
101101000101110101101
10001100011101010101100
011001111100101100100001
10011101111001001
1000000000010101111010
11001110011
1100100011110001
11001100
110111110
1010001101101000000000
100101010110110101
1001001000001101
1010101010110000000001
1101110100000
10011010011010110110001
10101001111001011
10010110010110001011001
100100001000111011010011
10100110111110010101
10000010110001011101000
01001101000111110100011010011010
10100110110110001001101
101000110100101000000
1000100100001100111000
1101101011011011
100100001000101110
010110100100101010101110100
1000010111011101111
1010110011001100
10110111000110100
11010001101010
0100011110100100111111010110
11000101
1101010110011
1011010011010010011111
110100000110010
10100000000011100
101101111001110011
100000001101001101
1000001011101100
1100111101001
110100110000
1001101011000011100110
10010110101110101111
10111110110101011101
11000111101101
1010110110011000
10100011001010011100110
1100110111101101
1000010011010110010001
0110001011011100001110011
10011000001110010011101
1000000010001110
10011000111011010111011
11001110010
100001011000101011010
010110101110010000100100000111
101000101110100111111001
10101101111000111100
11000000101
100100011011110000000
110000001
101010101010110111000
1011101010001100
1000101100001101010110
0010110011111100010110110010001
10001111000010101
1010101011000010001011
1101110110110111
101110011011100011
1100111011010101
01111001010000010000100011100000
1000100001111011011
101110110010100011011001
1101111001011100
101111100101100111
101111011011100101111001
100110101101001110000
101110100011011011101001
1001001011001110
110001101011
1101010011110001
10100001011010011
1000110010100100010000
001011110100011001100010100
01111101101011011010111110
100000000111000100
110011011101001
110001111101011
11010100111111
1001110110010011000
10001111111001001011000
100100101011100110100
1010101000001111011011
10010100001011110
11010100000011
10100000000000001110
11001110111
110010010011111
10101100011010111001010
010100001101110101100010111100
10011101010100001110
1001100001110011011
10000111010110100000101
010101100100010111110101011
10000100011000010010
110101101010
10011010100101010100100
1100100000
000101100110110110101001111
101011101111011101
0001111000111001101000100
10010111100011010101001
110001011100110
10101011110100001
1101111111
1001100110101011010100
100101000001010101000
1011000010100010
101101011001100100011
110101101001010
1101100000101111
10110011010101001000
1010000000010101010000
0111011110101111001011001010
11011000011
100001000011001111011011
1011010000111101111
10110101101010110100
0111001011001011000010000
101100111110000000
1101110000001111
110101000011001
10110001110110010
0100010110001011110110111010010
11000011
1011110011111111
11001010010000
100000000100111111
10011111110111010101
10101101011101100
10101010011110001101
10101110111010100011
10001100110010011011
10011010001111000
1001010111111110100
10110101111001110000
1000010011010011001
10100001100000110000
100010010011010001010
1001010000101000110
10000100000011111001000
10010100101000000
1000101010010101010
110001100
101011010000110100011010
10101000010001001111001
1101111101
101101101011101010
1011001111110000011010
10010111001001010001
1011001100101011010
011110101000000110010001010111
010110110011010100001110
100000010010101111
110111111101
10100011000110011011
100011010010000011
11000110010010
101100111101110100
10101110111001110001
1001101100000110110
101100001001101101110
100011101101010110
10110101010100110
1011110101110111011
10011001111001110100
10111001010100111010
001011011010010000011010111100
101011100010110101
1011011000110011
100011010001001011
10000110101110011001
100011011100011101010001
1010000001101010
101001100010110100
110011001110
1001010001010001010001
110001011011010
101100111011011111110
1100100011000
10000110111000011
100101100000100111
1010101000011110
101010010000010000101
1011101010010101
1000111000101101000011
10010011000001101
1010110001010001
011001001101100100100011101011
11001010
10100000010011001000
10110010011110000010
1000011101100010111
101010101111100011000
1011110101001110000101
100111100100011011110
110100010
1001011010110011
110001111100
100110001001100110010
100110111010111100101101
101010100001101011
100000010001001011110
110001110010
1010000011011000
110001001100
1011011110111100110
100001011000000000001
1011100100100111000110
1001000000100001111001
100111001111011001011000
11001001010
1101011101
1000111100010100
10000010011001000001
1101010101
11011100000
110100100010
110111011
01101000101101101000000011110110
10010100101000011100
11001101
1101000010001101
0001011110111011011011011000010
1101110110101110
101101100101110010
0110000000110010000111011000
101011111000101011001
1001001011010100000011
110100101
100111010001101100001
1011110011010011100
00001110001101100110000101
100111101011100000111000
1100101100
110101111
100100111111001110
1011111101001100111000
10101001110011101001101
1100100101
101111101111100011001
10000100101101101100001
0000011001001010110011110
1000110000110010
101010010001011110011101
010101110110000001100100
1101011001010001
101110111001111001101
1011100111011000110010
101000111110000110000101
00000010011011110101100000110
100110001001111100
1000000000110110010
100110101111101110
10111011010001101101
1100101110101000
100101110110001110
100001011011110101100011
101100110011011110
011111011001011001011001111
11000100
1001110001000000110110
100110110110010001
10001011101100011111111
10010001101000101001
10011010001000010011
101011101100101101101
100001100011000000000010
110110111010
100001010000011101110
10110011100111001010110
10110110101011001110
10111100001110111101101
01010101110011111100101011
10011010001011100101001
1001001111111011110
1001110100100101
101101001001111100110111
1001010001101101001111
01101000000000110001011100001
11011111111000
100011110011111101000001
10101111101111000
10010101100101000000
011110000101000110000011110101
10111001010101000011000
1010011110110010
10101101000101100
11000000
1100011101010
101000110010010111
10101100010111100101
101000011001000100000000
10101110000111101010100
1011010111010111110
101010011111000111101
10110110000101101110
1100001001000
101010111010101011
10001000011011010101
11001101001
10110011100010110100000
1011010001001001100110
1000000001101011
1101111000
1001111000110001010001
110011111111010
01101111101011111110100111001010
100000001111011000010
11010111101000
101111010110111111100
10000111000111010101001
10101001111001011
1001010010111111000
10010000111111011
001111010010011001110010
101111100111111111110
10010110101010101
1001100101001100110
1001101000100101
100101001101011100
1011111101010010
1101100011010
10001110000001001
1011100110101101
10101110010100100010111
1011111001000101
10010000000001111000
1001100101010100
10110010111011001111
10011101001010010010101
10101001001011100
110000000111
1010011011100101001011
1000110001010101110000
101010010111100101
100011011110111111000
10001100100000001001101
100001001100010110111
1001000001101100
110111111
101101000111010110
1001101100110010000
10001110011000100110011
10100110000101101011
1000101011110001010
1001110001011010101
1010001110111101
110111100101100
10100011000000100111100
1001011010001110
10101000000100110110110
101010011100011000011
10111101111100110011001
10001101100111001
100100100101000111100
110110100001110
1000101101010110011
110100010000
1011001011001011011
1101101110010
10110111010001000001
11000100110011
011100011010001010001011
10001110110111011111
01000100001010111100000010001001
110101000110
1001011111000011000
1011000000011111010
101000010100111100
11011000
10101101100011110000101
100010000101001100010011
10111101000100001110111
1100111000101100
10011111100110011101010
