11000100001000
1011111011101101101010
101011100101010000010
110101100011001
101101010111000000001
10011001110110010000100
0100011110010101011110000100100
1000100000001001
1010011011101000
00000110011101010010101000010101
1000110010010101
0010110110101100011011011
1001100100111101
101100110101100100110001
10001010011010011011010
11010001101
100011011000101010
1011011001110110000
001000100011110001011001
100011100001010110001
10011010101001111101101
10100010100011011100
1001101110101001001011
10100110010101000
10110100101001111110101
010011100011110001011101100101
0111111011100010011010100
101101000111010100011
10001111100010011000111
1001100001111101101110
100010101000010001001111
110111111101
010111111101011001010000101
10010110111101001110101
1011101110001011110111
11000110001
101101100010101111
11000111
10100010110110110
1101011010
100110100001101010101111
100100011010001101001
100100100011111101
10110110101001110
11011101101
101010101110100110
100011110011111110
110001111110
0000010100001000100000011000
1010010011110101
1011110001000101101
110111011
10111001010111001110
10100100111110100110000
110100001
100000100011101001001001
100001000110000101010
10111111000111111011
10101010111000111111001
00101110001111101000011101
10010010101010111011100
101001100001110001101
1011000011011001110
10110100010010010111010
1010001110111000
1101101101011
1011000111001100110100
1101010010
100111101001001010000
101011010100001101
1001010000111110
11000011
100100010010000110
01111001010111001011001111111
101101010010111000
1000100101110011111010
1010011011001010
010101100101110011010110111100
1011100111001000000010
1011011100111001100
01110010110101110010011100
100111111001100001011101
1101100100
10111010000011001010110
100101010000110001111
100111110110111100
10111010001100011101
1010001101111101
1010111100111110
1000000000010111110001
101011110111001000
1000001001111001100
10100110010100101
10010001000111111001
1001110101001010110
010000111110001111001000
11010001100110
101101000100010011
1101011101000
101110111011111101000
